0.000000 -1.131508 0.589858 0.040237
0.125000 -1.029527 0.606104 0.095470
0.250000 -0.935477 0.622469 0.142806
0.375000 -0.848875 0.638909 0.186688
0.500000 -0.769292 0.655374 0.230202
0.625000 -0.696304 0.671807 0.271474
0.750000 -0.629525 0.688146 0.313126
0.875000 -0.568559 0.704328 0.354058
1.000000 -0.513020 0.720290 0.394335
1.125000 -0.462528 0.735972 0.433460
1.250000 -0.416719 0.751315 0.471642
1.375000 -0.375235 0.766263 0.508286
1.500000 -0.337739 0.780765 0.543724
1.625000 -0.303904 0.794773 0.577295
1.750000 -0.273426 0.808247 0.609546
1.875000 -0.246013 0.821152 0.639759
2.000000 -0.221396 0.833458 0.668541
2.125000 -0.199319 0.845143 0.695244
2.250000 -0.179547 0.856191 0.720502
2.375000 -0.161862 0.866595 0.743747
2.500000 -0.146063 0.876350 0.765570
2.625000 -0.131964 0.885461 0.785483
2.750000 -0.119397 0.893935 0.804125
2.875000 -0.108205 0.901788 0.821081
3.000000 -0.098247 0.909038 0.836811
3.125000 -0.089393 0.915710 0.850972
3.250000 -0.081527 0.921827 0.864060
3.375000 -0.074543 0.927419 0.875847
3.500000 -0.068345 0.932517 0.886609
3.625000 -0.062845 0.937152 0.896350
3.750000 -0.057966 0.941357 0.905113
3.875000 -0.053637 0.945165 0.913052
4.000000 -0.049795 0.948607 0.920188
4.125000 -0.046384 0.951716 0.926622
4.250000 -0.043354 0.954520 0.932363
4.375000 -0.040659 0.957048 0.937575
4.500000 -0.038259 0.959328 0.942161
4.625000 -0.036118 0.961385 0.946349
4.750000 -0.034204 0.963242 0.950053
4.875000 -0.032490 0.964921 0.953393
5.000000 -0.030951 0.966442 0.956355
5.125000 -0.029564 0.967823 0.959050
5.250000 -0.028309 0.969080 0.961417
5.375000 -0.027171 0.970229 0.963588
5.500000 -0.026133 0.971282 0.965510
5.625000 -0.025182 0.972253 0.967274
5.750000 -0.024305 0.973151 0.968849
5.875000 -0.023494 0.973987 0.970257
6.000000 -0.022738 0.974769 0.971541
6.125000 -0.022031 0.975504 0.972713
6.250000 -0.021365 0.976198 0.973758
6.375000 -0.020735 0.976857 0.974730
6.500000 -0.020136 0.977486 0.975697
6.625000 -0.019565 0.978088 0.976464
6.750000 -0.019018 0.978666 0.977222
6.875000 -0.018491 0.979225 0.978037
7.000000 -0.017982 0.979766 0.978764
7.125000 -0.017491 0.980290 0.979439
7.250000 -0.017015 0.980799 0.980075
7.375000 -0.016551 0.981296 0.980678
7.500000 -0.016099 0.981783 0.981071
7.625000 -0.015656 0.982260 0.981550
7.750000 -0.015223 0.982729 0.982211
7.875000 -0.014797 0.983190 0.982752
8.000000 -0.014377 0.983646 0.983258
8.125000 -0.013964 0.984096 0.983743
8.250000 -0.013557 0.984540 0.984208
8.375000 -0.013155 0.984980 0.984672
8.500000 -0.012758 0.985416 0.985126
8.625000 -0.012366 0.985846 0.985561
8.750000 -0.011979 0.986273 0.985990
8.875000 -0.011598 0.986695 0.986413
9.000000 -0.011221 0.987112 0.986824
9.125000 -0.010849 0.987525 0.987221
9.250000 -0.010482 0.987932 0.987599
9.375000 -0.010121 0.988335 0.987966
9.500000 -0.009766 0.988732 0.988326
9.625000 -0.009417 0.989122 0.988671
9.750000 -0.009075 0.989506 0.988996
9.875000 -0.008740 0.989883 0.989220
10.000000 -0.008413 0.990251 0.989635
10.125000 -0.008095 0.990610 0.990160
10.250000 -0.007785 0.990961 0.990488
10.375000 -0.007484 0.991302 0.990811
10.500000 -0.007191 0.991635 0.991114
10.625000 -0.006907 0.991957 0.991412
10.750000 -0.006638 0.992264 0.991477
10.875000 -0.006386 0.992551 0.991468
11.000000 -0.006150 0.992822 0.991748
11.125000 -0.005920 0.993085 0.992099
11.250000 -0.005703 0.993334 0.992378
11.375000 -0.005497 0.993570 0.992459
11.500000 -0.005302 0.993794 0.992521
11.625000 -0.005118 0.994006 0.993122
11.750000 -0.004943 0.994208 0.993386
11.875000 -0.004777 0.994400 0.993603
12.000000 -0.004619 0.994582 0.993743
12.125000 -0.004469 0.994756 0.993956
12.250000 -0.004326 0.994921 0.994118
12.375000 -0.004189 0.995079 0.994254
12.500000 -0.004059 0.995230 0.994143
12.625000 -0.003935 0.995373 0.994559
12.750000 -0.003817 0.995511 0.994768
12.875000 -0.003704 0.995642 0.994897
13.000000 -0.003596 0.995768 0.994652
13.125000 -0.003492 0.995888 0.994784
13.250000 -0.003393 0.996004 0.995293
13.375000 -0.003298 0.996114 0.995750
13.500000 -0.003207 0.996220 0.995865
13.625000 -0.003120 0.996322 0.995973
13.750000 -0.003036 0.996420 0.995725
13.875000 -0.002956 0.996514 0.995414
14.000000 -0.002879 0.996604 0.995505
14.125000 -0.002804 0.996691 0.995997
14.250000 -0.002733 0.996774 0.996072
14.375000 -0.002664 0.996855 0.996095
14.500000 -0.002598 0.996932 0.996225
14.625000 -0.002534 0.997007 0.996290
14.750000 -0.002473 0.997079 0.995933
14.875000 -0.002414 0.997148 0.995853
15.000000 -0.002356 0.997215 0.995945
15.125000 -0.002301 0.997280 0.995964
15.250000 -0.002248 0.997342 0.995998
15.375000 -0.002197 0.997403 0.996088
15.500000 -0.002147 0.997461 0.996113
15.625000 -0.002099 0.997517 0.996155
15.750000 -0.002053 0.997572 0.996430
15.875000 -0.002008 0.997624 0.996479
16.000000 -0.001965 0.997675 0.996493
16.125000 -0.001922 0.997725 0.996377
16.250000 -0.001882 0.997773 0.996572
16.375000 -0.001842 0.997819 0.996634
16.500000 -0.001804 0.997864 0.996672
16.625000 -0.001767 0.997907 0.000000
16.750000 -0.001731 0.997950 0.000000
16.875000 -0.001697 0.997991 0.000000
17.000000 -0.001663 0.998030 0.000000
17.125000 -0.001630 0.998069 0.000000
17.250000 -0.001598 0.998106 0.000000
17.375000 -0.001567 0.998143 0.000000
17.500000 -0.001537 0.998178 0.000000
17.625000 -0.001508 0.998213 0.000000
17.750000 -0.001480 0.998246 0.000000
17.875000 -0.001452 0.998278 0.000000
18.000000 -0.001426 0.998310 0.000000
18.125000 -0.001400 0.998341 0.000000
18.250000 -0.001374 0.998371 0.000000
18.375000 -0.001350 0.998400 0.000000
18.500000 -0.001326 0.998428 0.000000
18.625000 -0.001302 0.998456 0.000000
18.750000 -0.001280 0.998482 0.000000
18.875000 -0.001257 0.998509 0.000000
19.000000 -0.001236 0.998534 0.000000
19.125000 -0.001215 0.998559 0.000000
19.250000 -0.001194 0.998583 0.000000
19.375000 -0.001174 0.998607 0.000000
19.500000 -0.001155 0.998630 0.000000
19.625000 -0.001136 0.998652 0.000000
19.750000 -0.001117 0.998674 0.000000
19.875000 -0.001099 0.998696 0.000000
20.000000 -0.001082 0.998716 0.000000
20.125000 -0.001064 0.998737 0.000000
20.250000 -0.001047 0.998757 0.000000
20.375000 -0.001031 0.998776 0.000000
20.500000 -0.001015 0.998795 0.000000
20.625000 -0.000999 0.998814 0.000000
20.750000 -0.000984 0.998832 0.000000
20.875000 -0.000969 0.998850 0.000000
21.000000 -0.000954 0.998867 0.000000
21.125000 -0.000940 0.998884 0.000000
21.250000 -0.000926 0.998900 0.000000
21.375000 -0.000912 0.998916 0.000000
21.500000 -0.000899 0.998932 0.000000
21.625000 -0.000886 0.998948 0.000000
21.750000 -0.000873 0.998963 0.000000
21.875000 -0.000861 0.998978 0.000000
22.000000 -0.000848 0.998992 0.000000
22.125000 -0.000836 0.999006 0.000000
22.250000 -0.000825 0.999020 0.000000
22.375000 -0.000813 0.999034 0.000000
22.500000 -0.000802 0.999047 0.000000
22.625000 -0.000791 0.999060 0.000000
22.750000 -0.000780 0.999073 0.000000
22.875000 -0.000770 0.999086 0.000000
23.000000 -0.000759 0.999098 0.000000
23.125000 -0.000749 0.999110 0.000000
23.250000 -0.000739 0.999122 0.000000
23.375000 -0.000729 0.999133 0.000000
23.500000 -0.000720 0.999145 0.000000
23.625000 -0.000710 0.999156 0.000000
23.750000 -0.000701 0.999167 0.000000
23.875000 -0.000692 0.999177 0.000000
24.000000 -0.000683 0.999188 0.000000
24.125000 -0.000675 0.999198 0.000000
24.250000 -0.000666 0.999208 0.000000
24.375000 -0.000658 0.999218 0.000000
24.500000 -0.000650 0.999228 0.000000
24.625000 -0.000642 0.999237 0.000000
24.750000 -0.000634 0.999247 0.000000
24.875000 -0.000626 0.999256 0.000000
