0.000000 -2.029367 0.116338 0.116353
0.026210 -1.892287 0.136742 0.136783
0.092319 -1.770767 0.157044 0.157135
0.186436 -1.655321 0.178598 0.178739
0.301613 -1.539855 0.202658 0.202846
0.433375 -1.423918 0.229671 0.229909
0.578637 -1.311070 0.259060 0.259347
0.735165 -1.202929 0.290449 0.290776
0.901282 -1.100182 0.323542 0.323900
1.075690 -1.003348 0.357948 0.358330
1.257359 -0.912485 0.393387 0.393786
1.445457 -0.827930 0.429372 0.429780
1.639298 -0.749537 0.465518 0.465929
1.838312 -0.677035 0.501577 0.501988
2.042017 -0.610490 0.537024 0.537428
2.250000 -0.549647 0.571571 0.571966
2.461907 -0.493979 0.605082 0.605466
2.677429 -0.443453 0.637107 0.637477
2.896298 -0.397751 0.667545 0.667898
3.118273 -0.356344 0.696298 0.696637
3.343146 -0.319160 0.723198 0.723522
3.570727 -0.285786 0.748158 0.748470
3.800848 -0.255814 0.771299 0.771602
4.033356 -0.229028 0.792610 0.792900
4.268116 -0.205148 0.812057 0.812337
4.505002 -0.183823 0.829827 0.830100
4.743901 -0.164822 0.846003 0.846271
4.984708 -0.147915 0.860630 0.860891
5.227329 -0.132851 0.873874 0.874132
5.471677 -0.119457 0.885843 0.886099
5.717670 -0.107503 0.896633 0.896889
5.965234 -0.096840 0.906366 0.906622
6.214300 -0.087329 0.915137 0.915395
6.464804 -0.078856 0.923043 0.923303
6.716686 -0.071255 0.930169 0.930432
6.969890 -0.064462 0.936582 0.936848
7.224364 -0.058375 0.942367 0.942635
7.480060 -0.052908 0.947593 0.947865
7.736932 -0.048006 0.952306 0.952579
7.994936 -0.043618 0.956558 0.956833
8.254033 -0.039708 0.960469 0.960624
8.514185 -0.036212 0.963995 0.964027
8.775355 -0.033080 0.967232 0.967085
9.037510 -0.030270 0.970165 0.969837
9.300617 -0.027743 0.972836 0.972319
9.564647 -0.025468 0.975258 0.974560
9.829571 -0.023414 0.977481 0.976587
10.095361 -0.021557 0.979485 0.978423
10.361991 -0.019876 0.981281 0.980098
10.629437 -0.018351 0.982918 0.981610
10.897675 -0.016966 0.984446 0.982986
11.166683 -0.015705 0.985808 0.984240
11.436439 -0.014557 0.987065 0.985384
11.706924 -0.013509 0.988214 0.986428
11.978117 -0.012551 0.989260 0.987384
12.250000 -0.011674 0.990216 0.988260
12.522555 -0.010871 0.991097 0.989063
12.795766 -0.010134 0.991904 0.989800
13.069615 -0.009457 0.992654 0.990478
13.344088 -0.008834 0.993314 0.991102
13.619168 -0.008260 0.993929 0.991677
13.894843 -0.007731 0.994492 0.992208
14.171097 -0.007243 0.995018 0.992698
14.447917 -0.006792 0.995526 0.993151
14.725291 -0.006375 0.995982 0.993570
15.003206 -0.005988 0.996401 0.993959
15.281650 -0.005630 0.996785 0.994319
15.560612 -0.005297 0.997133 0.994654
15.840080 -0.004988 0.997464 0.994969
16.120045 -0.004701 0.997778 0.995258
16.400495 -0.004434 0.000000 0.995527
16.681421 -0.004185 0.000000 0.995778
16.962813 -0.003953 0.000000 0.996011
17.244662 -0.003736 0.000000 0.996229
17.526958 -0.003534 0.000000 0.996433
17.809693 -0.003345 0.000000 0.996623
18.092860 -0.003168 0.000000 0.996802
18.376448 -0.003003 0.000000 0.996968
18.660451 -0.002848 0.000000 0.997125
18.944861 -0.002702 0.000000 0.997271
19.229670 -0.002566 0.000000 0.997409
19.514872 -0.002438 0.000000 0.997538
19.800459 -0.002318 0.000000 0.997659
20.086424 -0.002204 0.000000 0.997774
20.372761 -0.002098 0.000000 0.997881
20.659463 -0.001998 0.000000 0.997982
20.946525 -0.001903 0.000000 0.998077
21.233940 -0.001814 0.000000 0.998167
21.521702 -0.001730 0.000000 0.998252
21.809806 -0.001651 0.000000 0.998332
22.098246 -0.001576 0.000000 0.998408
22.387016 -0.001505 0.000000 0.998479
22.676112 -0.001438 0.000000 0.998546
22.965528 -0.001375 0.000000 0.998610
23.255259 -0.001315 0.000000 0.998671
23.545300 -0.001259 0.000000 0.998728
23.835647 -0.001205 0.000000 0.998782
24.126295 -0.001154 0.000000 0.998834
24.417239 -0.001105 0.000000 0.998883
24.708476 -0.001060 0.000000 0.998929
