0.000000 -2.170772 0.111796 0.111770
0.026210 -2.011931 0.131665 0.131532
0.092319 -1.874299 0.151609 0.151358
0.186436 -1.747818 0.172484 0.172134
0.301613 -1.623822 0.195647 0.195216
0.433375 -1.500387 0.221696 0.221205
0.578637 -1.380564 0.250272 0.249689
0.735165 -1.265599 0.280837 0.280418
0.901282 -1.156631 0.313364 0.312979
1.075690 -1.054139 0.347347 0.347021
1.257359 -0.958355 0.382479 0.382151
1.445457 -0.869100 0.418278 0.418034
1.639298 -0.786569 0.454395 0.454204
1.838312 -0.710502 0.490509 0.490297
2.042017 -0.640432 0.526116 0.526027
2.250000 -0.576514 0.560940 0.560911
2.461907 -0.518239 0.594657 0.594685
2.677429 -0.465143 0.627167 0.627249
2.896298 -0.417160 0.658032 0.658173
3.118273 -0.373892 0.687190 0.687389
3.343146 -0.334776 0.714632 0.714881
3.570727 -0.299785 0.740137 0.740436
3.800848 -0.268428 0.763723 0.764072
4.033356 -0.240290 0.785574 0.785964
4.268116 -0.215209 0.805526 0.805964
4.505002 -0.192844 0.823751 0.824230
4.743901 -0.172877 0.840407 0.840920
4.984708 -0.155096 0.855485 0.856031
5.227329 -0.139268 0.869139 0.869714
5.471677 -0.125185 0.881502 0.882079
5.717670 -0.112618 0.892653 0.893275
5.965234 -0.101383 0.902744 0.903384
6.214300 -0.091379 0.911827 0.912482
6.464804 -0.082441 0.920024 0.920692
6.716686 -0.074446 0.927437 0.928115
6.969890 -0.067289 0.934106 0.934792
7.224364 -0.060878 0.940124 0.940813
7.480060 -0.055116 0.945569 0.946258
7.736932 -0.049952 0.950480 0.951167
7.994936 -0.045317 0.954922 0.955597
8.254033 -0.041134 0.958954 0.959623
8.514185 -0.037451 0.962640 0.963168
8.775355 -0.034140 0.966009 0.966368
9.037510 -0.031176 0.969070 0.969240
9.300617 -0.028517 0.971859 0.971824
9.564647 -0.026129 0.974391 0.974153
9.829571 -0.023978 0.976720 0.976254
10.095361 -0.022038 0.978820 0.978153
10.361991 -0.020285 0.980696 0.979874
10.629437 -0.018699 0.982407 0.981441
10.897675 -0.017260 0.984002 0.982856
11.166683 -0.015954 0.985424 0.984142
11.436439 -0.014766 0.986734 0.985314
11.706924 -0.013684 0.987929 0.986383
11.978117 -0.012696 0.989017 0.987358
12.250000 -0.011794 0.990010 0.988251
12.522555 -0.010969 0.990921 0.989068
12.795766 -0.010213 0.991756 0.989817
13.069615 -0.009519 0.992530 0.990505
13.344088 -0.008882 0.993212 0.991137
13.619168 -0.008296 0.993845 0.991719
13.894843 -0.007757 0.994425 0.992255
14.171097 -0.007259 0.994964 0.992750
14.447917 -0.006800 0.995485 0.993207
14.725291 -0.006376 0.995951 0.993629
15.003206 -0.005984 0.996379 0.994020
15.281650 -0.005621 0.996771 0.994382
15.560612 -0.005284 0.997126 0.994717
15.840080 -0.004971 0.997463 0.995033
16.120045 -0.004681 0.997783 0.995322
16.400495 -0.004412 0.000000 0.995591
16.681421 -0.004161 0.000000 0.995841
16.962813 -0.003927 0.000000 0.996075
17.244662 -0.003709 0.000000 0.996292
17.526958 -0.003506 0.000000 0.996495
17.809693 -0.003316 0.000000 0.996684
18.092860 -0.003138 0.000000 0.996862
18.376448 -0.002972 0.000000 0.997027
18.660451 -0.002817 0.000000 0.997182
18.944861 -0.002671 0.000000 0.997328
19.229670 -0.002535 0.000000 0.997464
19.514872 -0.002407 0.000000 0.997592
19.800459 -0.002287 0.000000 0.997712
20.086424 -0.002174 0.000000 0.997825
20.372761 -0.002068 0.000000 0.997931
20.659463 -0.001968 0.000000 0.998031
20.946525 -0.001874 0.000000 0.998125
21.233940 -0.001785 0.000000 0.998213
21.521702 -0.001702 0.000000 0.998297
21.809806 -0.001623 0.000000 0.998376
22.098246 -0.001548 0.000000 0.998450
22.387016 -0.001478 0.000000 0.998520
22.676112 -0.001412 0.000000 0.998587
22.965528 -0.001349 0.000000 0.998649
23.255259 -0.001290 0.000000 0.998709
23.545300 -0.001234 0.000000 0.998765
23.835647 -0.001180 0.000000 0.998818
24.126295 -0.001130 0.000000 0.998869
24.417239 -0.001082 0.000000 0.998917
24.708476 -0.001037 0.000000 0.998962
