0.000000 -2.829219 0.449593 0.008643
0.125000 -2.665429 0.459603 0.021914
0.250000 -2.508640 0.469861 0.035338
0.375000 -2.358753 0.480362 0.049151
0.500000 -2.215685 0.491099 0.064162
0.625000 -2.079353 0.502059 0.080252
0.750000 -1.949668 0.513229 0.097819
0.875000 -1.826526 0.524592 0.116737
1.000000 -1.709805 0.536128 0.137019
1.125000 -1.599369 0.547817 0.158555
1.250000 -1.495065 0.559634 0.181326
1.375000 -1.396723 0.571554 0.205134
1.500000 -1.304159 0.583551 0.229927
1.625000 -1.217177 0.595598 0.255460
1.750000 -1.135568 0.607665 0.281692
1.875000 -1.059114 0.619723 0.308323
2.000000 -0.987591 0.631744 0.335314
2.125000 -0.920767 0.643698 0.362348
2.250000 -0.858410 0.655557 0.389423
2.375000 -0.800286 0.667294 0.416226
2.500000 -0.746161 0.678883 0.442774
2.625000 -0.695807 0.690301 0.468791
2.750000 -0.648996 0.701523 0.494319
2.875000 -0.605510 0.712531 0.519097
3.000000 -0.565134 0.723305 0.543198
3.125000 -0.527665 0.733829 0.566428
3.250000 -0.492904 0.744090 0.588854
3.375000 -0.460666 0.754075 0.610345
3.500000 -0.430772 0.763775 0.630963
3.625000 -0.403054 0.773183 0.650608
3.750000 -0.377354 0.782293 0.669336
3.875000 -0.353522 0.791102 0.687119
4.000000 -0.331420 0.799608 0.704018
4.125000 -0.310919 0.807810 0.720006
4.250000 -0.291897 0.815710 0.735123
4.375000 -0.274243 0.823310 0.749426
4.500000 -0.257852 0.830614 0.762926
4.625000 -0.242628 0.837627 0.775695
4.750000 -0.228481 0.844354 0.787685
4.875000 -0.215328 0.850802 0.798997
5.000000 -0.203094 0.856977 0.809636
5.125000 -0.191708 0.862887 0.819657
5.250000 -0.181106 0.868540 0.829063
5.375000 -0.171227 0.873944 0.837909
5.500000 -0.162018 0.879107 0.846227
5.625000 -0.153428 0.884038 0.854052
5.750000 -0.145409 0.888744 0.861402
5.875000 -0.137921 0.893235 0.868307
6.000000 -0.130923 0.897519 0.874802
6.125000 -0.124379 0.901604 0.880918
6.250000 -0.118257 0.905499 0.886663
6.375000 -0.112525 0.909211 0.892060
6.500000 -0.107155 0.912748 0.897159
6.625000 -0.102120 0.916118 0.901957
6.750000 -0.097398 0.919330 0.906466
6.875000 -0.092965 0.922390 0.910720
7.000000 -0.088801 0.925305 0.914719
7.125000 -0.084886 0.928083 0.918484
7.250000 -0.081204 0.930730 0.922039
7.375000 -0.077738 0.933253 0.925372
7.500000 -0.074473 0.935658 0.928520
7.625000 -0.071396 0.937950 0.931491
7.750000 -0.068493 0.940136 0.934291
7.875000 -0.065753 0.942220 0.936931
8.000000 -0.063166 0.944207 0.939420
8.125000 -0.060722 0.946103 0.941777
8.250000 -0.058410 0.947912 0.944007
8.375000 -0.056223 0.949638 0.946124
8.500000 -0.054153 0.951285 0.948130
8.625000 -0.052191 0.952858 0.950032
8.750000 -0.050332 0.954360 0.951824
8.875000 -0.048568 0.955796 0.953525
9.000000 -0.046894 0.957168 0.955141
9.125000 -0.045304 0.958479 0.956676
9.250000 -0.043793 0.959734 0.958137
9.375000 -0.042356 0.960934 0.959520
9.500000 -0.040988 0.962083 0.960837
9.625000 -0.039685 0.963183 0.962089
9.750000 -0.038444 0.964237 0.963282
9.875000 -0.037260 0.965248 0.964419
10.000000 -0.036130 0.966217 0.965502
10.125000 -0.035051 0.967146 0.966534
10.250000 -0.034021 0.968038 0.967519
10.375000 -0.033035 0.968895 0.968462
10.500000 -0.032093 0.969718 0.969365
10.625000 -0.031190 0.970509 0.970229
10.750000 -0.030326 0.971270 0.971062
10.875000 -0.029497 0.972002 0.971864
11.000000 -0.028701 0.972708 0.972621
11.125000 -0.027937 0.973387 0.973347
11.250000 -0.027202 0.974043 0.974043
11.375000 -0.026496 0.974675 0.974714
11.500000 -0.025817 0.975286 0.975357
11.625000 -0.025162 0.975875 0.975978
11.750000 -0.024532 0.976445 0.976575
11.875000 -0.023924 0.976995 0.977149
12.000000 -0.023338 0.977528 0.977703
12.125000 -0.022772 0.978043 0.978239
12.250000 -0.022226 0.978542 0.978755
12.375000 -0.021699 0.979025 0.979254
12.500000 -0.021189 0.979493 0.979734
12.625000 -0.020696 0.979946 0.980203
12.750000 -0.020220 0.980385 0.980655
12.875000 -0.019758 0.980811 0.981092
13.000000 -0.019312 0.981225 0.981515
13.125000 -0.018879 0.981627 0.981926
13.250000 -0.018459 0.982017 0.982326
13.375000 -0.018052 0.982396 0.982714
13.500000 -0.017657 0.982765 0.983089
13.625000 -0.017273 0.983124 0.983453
13.750000 -0.016900 0.983473 0.983806
13.875000 -0.016539 0.983812 0.984150
14.000000 -0.016187 0.984143 0.984484
14.125000 -0.015846 0.984464 0.984808
14.250000 -0.015514 0.984777 0.985122
14.375000 -0.015192 0.985082 0.985427
14.500000 -0.014879 0.985378 0.985723
14.625000 -0.014575 0.985665 0.986010
14.750000 -0.014280 0.985945 0.986286
14.875000 -0.013994 0.986217 0.986555
15.000000 -0.013717 0.986481 0.986817
15.125000 -0.013447 0.986737 0.987071
15.250000 -0.013186 0.986987 0.987318
15.375000 -0.012932 0.987229 0.987559
15.500000 -0.012686 0.987464 0.987793
15.625000 -0.012447 0.987693 0.988021
15.750000 -0.012216 0.987915 0.988245
15.875000 -0.011991 0.988131 0.988455
16.000000 -0.011772 0.988341 0.988656
16.125000 -0.011560 0.988545 0.988862
16.250000 -0.011354 0.988743 0.989067
16.375000 -0.011153 0.988937 0.989265
16.500000 -0.010957 0.989126 0.989460
16.625000 -0.010764 0.989312 0.000000
16.750000 -0.010576 0.989494 0.000000
16.875000 -0.010393 0.989671 0.000000
17.000000 -0.010214 0.989844 0.000000
17.125000 -0.010040 0.990013 0.000000
17.250000 -0.009870 0.990177 0.000000
17.375000 -0.009705 0.990338 0.000000
17.500000 -0.009544 0.990495 0.000000
17.625000 -0.009387 0.990647 0.000000
17.750000 -0.009233 0.990797 0.000000
17.875000 -0.009084 0.990942 0.000000
18.000000 -0.008938 0.991085 0.000000
18.125000 -0.008795 0.991224 0.000000
18.250000 -0.008656 0.991359 0.000000
18.375000 -0.008520 0.991492 0.000000
18.500000 -0.008387 0.991622 0.000000
18.625000 -0.008258 0.991748 0.000000
18.750000 -0.008131 0.991872 0.000000
18.875000 -0.008007 0.991993 0.000000
19.000000 -0.007887 0.992112 0.000000
19.125000 -0.007768 0.992228 0.000000
19.250000 -0.007653 0.992341 0.000000
19.375000 -0.007540 0.992452 0.000000
19.500000 -0.007429 0.992561 0.000000
19.625000 -0.007321 0.992667 0.000000
19.750000 -0.007215 0.992771 0.000000
19.875000 -0.007112 0.992873 0.000000
20.000000 -0.007011 0.992972 0.000000
20.125000 -0.006912 0.993070 0.000000
20.250000 -0.006814 0.993165 0.000000
20.375000 -0.006719 0.993259 0.000000
20.500000 -0.006626 0.993351 0.000000
20.625000 -0.006535 0.993441 0.000000
20.750000 -0.006446 0.993529 0.000000
20.875000 -0.006359 0.993615 0.000000
21.000000 -0.006273 0.993700 0.000000
21.125000 -0.006189 0.993783 0.000000
21.250000 -0.006107 0.993864 0.000000
21.375000 -0.006026 0.993944 0.000000
21.500000 -0.005947 0.994022 0.000000
21.625000 -0.005870 0.994099 0.000000
21.750000 -0.005794 0.994174 0.000000
21.875000 -0.005719 0.994248 0.000000
22.000000 -0.005646 0.994320 0.000000
22.125000 -0.005574 0.994391 0.000000
22.250000 -0.005504 0.994461 0.000000
22.375000 -0.005435 0.994529 0.000000
22.500000 -0.005367 0.994597 0.000000
22.625000 -0.005301 0.994663 0.000000
22.750000 -0.005236 0.994727 0.000000
22.875000 -0.005172 0.994791 0.000000
23.000000 -0.005109 0.994854 0.000000
23.125000 -0.005047 0.994915 0.000000
23.250000 -0.004986 0.994975 0.000000
23.375000 -0.004927 0.995034 0.000000
23.500000 -0.004868 0.995093 0.000000
23.625000 -0.004811 0.995150 0.000000
23.750000 -0.004754 0.995206 0.000000
23.875000 -0.004699 0.995261 0.000000
24.000000 -0.004645 0.995316 0.000000
24.125000 -0.004591 0.995369 0.000000
24.250000 -0.004538 0.995421 0.000000
24.375000 -0.004487 0.995473 0.000000
24.500000 -0.004436 0.995524 0.000000
24.625000 -0.004386 0.995573 0.000000
24.750000 -0.004337 0.995622 0.000000
24.875000 -0.004288 0.995671 0.000000
